/*--------------------------------*- C++ -*----------------------------------*\
  =========                 |
  \\      /  F ield         | OpenFOAM: The Open Source CFD Toolbox
   \\    /   O peration     | Website:  https://openfoam.org
    \\  /    A nd           | Version:  12
     \\/     M anipulation  |
\*---------------------------------------------------------------------------*/
FoamFile
{
    format      ascii;
    class       faceSet;
    location    "constant/polyMesh/sets";
    object      wrongFaces;
}
// * * * * * * * * * * * * * * * * * * * * * * * * * * * * * * * * * * * * * //


472
(
720908 
1245234 
1769555 
1015919 
1835155 
360688 
1016078 
852295 
688655 
852530 
1049175 
1049223 
1180320 
820155 
918483 
329151 
329260 
1050242 
1050406 
427911 
264379 
493789 
1935641 
1018164 
1018183 
1247569 
657760 
68078 
1313310 
1051184 
658087 
1346370 
625491 
1018851 
625717 
592963 
756821 
986220 
691397 
593113 
855267 
658723 
1051958 
1674612 
855665 
1052276 
1937018 
921418 
1249276 
921599 
593930 
888901 
1445965 
725116 
331979 
987435 
1053025 
987490 
1085908 
922154 
1053348 
660354 
1020832 
398256 
299965 
1512419 
1020962 
1152067 
1021071 
627920 
791796 
1807713 
1906053 
202152 
988594 
1086921 
104217 
497547 
1054797 
1022072 
727230 
1054963 
203047 
1251678 
1022565 
924346 
367307 
924409 
1547128 
367495 
1022872 
695335 
629834 
1055845 
1023218 
630046 
924990 
1023331 
204170 
925143 
695857 
761410 
106225 
1253251 
1023878 
925575 
1220580 
1056744 
1024019 
1056891 
630926 
1253548 
1024337 
1057177 
926171 
1155714 
664208 
1974970 
1778524 
1188775 
697402 
402546 
1156228 
1058066 
1713497 
1025621 
861846 
861905 
1058532 
1058559 
1026056 
1026130 
796884 
633221 
1026498 
698932 
961532 
699522 
994554 
503202 
634483 
1420960 
1191632 
339667 
1912567 
667396 
1027897 
1159101 
1159174 
1257519 
1060939 
1618012 
897259 
995568 
471310 
1028367 
700781 
569776 
274866 
799190 
1061396 
373433 
930546 
603177 
832615 
111798 
603326 
1750323 
1029584 
46697 
603778 
1062697 
997312 
702417 
702584 
1030270 
1030273 
342196 
637190 
768279 
1030519 
277025 
801323 
637492 
997975 
1751709 
178915 
932591 
1293074 
932680 
998229 
310175 
1457060 
179169 
998434 
1260619 
1621121 
1260690 
1064121 
802004 
965876 
113916 
998672 
965992 
966031 
1162659 
933303 
1064508 
1031743 
704152 
638701 
933681 
1785659 
1687374 
1785680 
1064794 
1032156 
999448 
737332 
770226 
1753386 
1229318 
279070 
1884780 
1950370 
1753838 
934652 
1065892 
377775 
1950652 
1426555 
1033537 
935388 
1066502 
1033884 
706212 
1296038 
1034132 
444365 
1067088 
1788019 
1034398 
1264035 
412078 
707002 
1264096 
1788400 
1559211 
936756 
215901 
805752 
936844 
1330108 
1297340 
281554 
1231941 
1035394 
347297 
511153 
1035516 
544133 
871838 
314787 
314862 
118450 
1724191 
839497 
806739 
872381 
806891 
807081 
774316 
708807 
1036506 
1790296 
676214 
217559 
840209 
1036854 
1036920 
1167993 
578178 
1004219 
447374 
1102736 
676761 
1266761 
1037398 
873567 
382052 
1496176 
808074 
1725725 
283940 
1234254 
480613 
1791378 
1562087 
874029 
874154 
1201885 
1267493 
251798 
1333279 
1071378 
874849 
874978 
1006053 
1268249 
1006175 
875206 
973656 
875449 
351173 
1039392 
941179 
843013 
1269024 
1269036 
122288 
1269170 
1727965 
548371 
1039936 
1236701 
1728233 
679663 
941816 
1728265 
122692 
974662 
1826641 
1302475 
1269710 
1925084 
876524 
876574 
843833 
1007876 
844084 
1007945 
942480 
975304 
451020 
778724 
1008260 
975512 
713526 
910148 
1106810 
877436 
975777 
1827748 
1237948 
418791 
877605 
287819 
222311 
1270907 
1795200 
1467585 
1041648 
779508 
845088 
1303861 
1303916 
1205661 
1041822 
1795571 
878149 
1795672 
845529 
1238761 
1271657 
1304550 
59413 
878656 
157763 
1206385 
1173623 
878715 
1075346 
845981 
747695 
1304797 
911581 
911591 
1239400 
977298 
879066 
485864 
649772 
1272378 
682662 
1731257 
977660 
191275 
945032 
650165 
879544 
1895437 
912429 
912453 
1010773 
1109166 
126166 
1535419 
650907 
1273539 
847565 
1044246 
946079 
651171 
651198 
1929315 
1044597 
815222 
1241234 
1274034 
979288 
1012187 
1274362 
1274407 
1012311 
1765990 
324237 
1274588 
1274714 
684906 
1274971 
685292 
914814 
1111451 
914955 
1242805 
325367 
1636126 
685960 
1931195 
751552 
882631 
653288 
587753 
522288 
1407049 
358702 
1276315 
916056 
916120 
850593 
686798 
916291 
654200 
752538 
687124 
1276980 
1277054 
1473783 
1047801 
326938 
687415 
1637834 
1768943 
589389 
1113777 
655055 
917218 
786160 
1900277 
1015561 
917306 
1245041 
)

// ************************************************************************* //
